x                       f(x)                    f'(x)
0.02000000             0.03998933             1.99626800
0.04000000             0.07991469             1.98987600
0.06000000             0.11971221             1.98030000
0.08000000             0.15931821             1.96755600
0.10000000             0.19866933             1.95166500
0.12000000             0.23770263             1.93265100
0.14000000             0.27635565             1.91054550
0.16000000             0.31456656             1.88538350
0.18000000             0.35227423             1.85720550
0.20000000             0.38941834             1.82605650
0.22000000             0.42593947             1.79198550
0.24000000             0.46177918             1.75504800
0.26000000             0.49688014             1.71530300
0.28000000             0.53118620             1.67281350
0.30000000             0.56464247             1.62764850
0.32000000             0.59719544             1.57987900
0.34000000             0.62879302             1.52958250
0.36000000             0.65938467             1.47683900
0.38000000             0.68892145             1.42173200
0.40000000             0.71735609             1.36435150
0.42000000             0.74464312             1.30478800
0.44000000             0.77073888             1.24313700
0.46000000             0.79560162             1.17949750
0.48000000             0.81919157             1.11397050
0.50000000             0.84147098             1.04666250
0.52000000             0.86240423             0.97767900
0.54000000             0.88195781             0.90713150
0.56000000             0.90010044             0.83513350
0.58000000             0.91680311             0.76179900
0.60000000             0.93203909             0.68724550
0.62000000             0.94578400             0.61159300
0.64000000             0.95801586             0.53496200
0.66000000             0.96871510             0.45747500
0.68000000             0.97786460             0.37925650
0.70000000             0.98544973             0.30043100
0.72000000             0.99145835             0.22112450
0.74000000             0.99588084             0.14146500
0.76000000             0.99871014             0.06157900
0.78000000             0.99994172             -0.01840600
0.80000000             0.99957360             -0.09836100
0.82000000             0.99760638             -0.17815900
0.84000000             0.99404320             -0.25767150
0.86000000             0.98888977             -0.33677250
0.88000000             0.98215432             -0.41533450
0.90000000             0.97384763             -0.49323150
0.92000000             0.96398300             -0.57034050
0.94000000             0.95257619             -0.64653600
0.96000000             0.93964547             -0.72169750
0.98000000             0.92521152             -0.79570450
1.00000000             0.90929743             -0.86843900
1.02000000             0.89192865             -0.93978350
1.04000000             0.87313298             -1.00962500
1.06000000             0.85294048             -1.07785100
1.08000000             0.83138346             -1.14435300
1.10000000             0.80849640             -1.20902350
1.12000000             0.78431593             -1.27176100
1.14000000             0.75888071             -1.33246350
1.16000000             0.73223144             -1.39103350
1.18000000             0.70441077             -1.44737950
1.20000000             0.67546318             -1.50140900
1.22000000             0.64543500             -1.55303700
1.24000000             0.61437426             -1.60218050
1.26000000             0.58233065             -1.64876050
1.28000000             0.54935544             -1.69270350
1.30000000             0.51550137             -1.73393800
1.32000000             0.48082261             -1.77239850
1.34000000             0.44537464             -1.80802350
1.36000000             0.40921417             -1.84075650
1.38000000             0.37239904             -1.87054450
1.40000000             0.33498815             -1.89734000
1.42000000             0.29704135             -1.92110000
1.44000000             0.25861935             -1.94178700
1.46000000             0.21978361             -1.95936700
1.48000000             0.18059627             -1.97381300
1.50000000             0.14112001             -1.98510100
1.52000000             0.10141799             -1.99321350
1.54000000             0.06155372             -1.99813700
1.56000000             0.02159098             -1.99986450
1.58000000             -0.01840631             -1.99839150
1.60000000             -0.05837414             -1.99372250
1.62000000             -0.09824859             -1.98586400
1.64000000             -0.13796587             -1.97482750
1.66000000             -0.17746242             -1.96063300
1.68000000             -0.21667508             -1.94330100
1.70000000             -0.25554110             -1.92286050
1.72000000             -0.29399831             -1.89934400
1.74000000             -0.33198519             -1.87278850
1.76000000             -0.36944096             -1.84323700
1.78000000             -0.40630570             -1.81073700
1.80000000             -0.44252044             -1.77534050
1.82000000             -0.47802725             -1.73710300
1.84000000             -0.51276931             -1.69608700
1.86000000             -0.54669105             -1.65235750
1.88000000             -0.57973820             -1.60598450
1.90000000             -0.61185789             -1.55704250
1.92000000             -0.64299874             -1.50560950
1.94000000             -0.67311093             -1.45176800
1.96000000             -0.70214629             -1.39560350
1.98000000             -0.73005836             -1.33720700
2.00000000             -0.75680250             -1.27667050
2.02000000             -0.78233591             -1.21409200
2.04000000             -0.80661775             -1.14957100
2.06000000             -0.82960917             -1.08321150
2.08000000             -0.85127340             -1.01511850
2.10000000             -0.87157577             -0.94540200
2.12000000             -0.89048381             -0.87417250
2.14000000             -0.90796726             -0.80154500
2.16000000             -0.92399816             -0.72763500
2.18000000             -0.93855086             -0.65256050
2.20000000             -0.95160207             -0.57644300
2.22000000             -0.96313093             -0.49940250
2.24000000             -0.97311898             -0.42156350
2.26000000             -0.98155025             -0.34305000
2.28000000             -0.98841125             -0.26398750
2.30000000             -0.99369100             -0.18450300
2.32000000             -0.99738106             -0.10472300
2.34000000             -0.99947552             -0.02477600
2.36000000             -0.99997104             0.05521150
2.38000000             -0.99886681             0.13511000
2.40000000             -0.99616461             0.21479250
2.42000000             -0.99186876             0.29413150
2.44000000             -0.98598613             0.37300000
2.46000000             -0.97852613             0.45127150
2.48000000             -0.96950070             0.52882150
2.50000000             -0.95892427             0.60552450
2.52000000             -0.94681378             0.68126000
2.54000000             -0.93318858             0.75590550
2.56000000             -0.91807047             0.82934050
2.58000000             -0.90148366             0.90145000
2.60000000             -0.88345466             0.97211700
2.62000000             -0.86401232             1.04122900
2.64000000             -0.84318774             1.10867450
2.66000000             -0.82101425             1.17434750
2.68000000             -0.79752730             1.23814050
2.70000000             -0.77276449             1.29995400
2.72000000             -0.74676541             1.35968700
2.74000000             -0.71957167             1.41724500
2.76000000             -0.69122677             1.47253600
2.78000000             -0.66177605             1.52547050
2.80000000             -0.63126664             1.57596550
2.82000000             -0.59974733             1.62393900
2.84000000             -0.56726855             1.66931400
2.86000000             -0.53388227             1.71201950
2.88000000             -0.49964188             1.75198500
2.90000000             -0.46460218             1.78914850
2.92000000             -0.42881921             1.82344950
2.94000000             -0.39235022             1.85483300
2.96000000             -0.35525356             1.88324950
2.98000000             -0.31758857             1.90865350
3.00000000             -0.27941550             1.93100350
3.02000000             -0.24079543             1.95026500
3.04000000             -0.20179013             1.96640550
3.06000000             -0.16246202             1.97940100
3.08000000             -0.12287400             1.98923000
3.10000000             -0.08308940             1.99587550
3.12000000             -0.04317189             1.99932950
3.14000000             -0.00318530             1.99958400
3.16000000             0.03680638             1.99663950
3.18000000             0.07673917             1.99050150
3.20000000             0.11654920             1.98117900
3.22000000             0.15617278             1.96868700
3.24000000             0.19554652             1.95304500
3.26000000             0.23460742             1.93427850
3.28000000             0.27329299             1.91241850
3.30000000             0.31154136             1.88749850
3.32000000             0.34929133             1.85955900
3.34000000             0.38648251             1.82864450
3.36000000             0.42305540             1.79480450
3.38000000             0.45895149             1.75809300
3.40000000             0.49411335             1.71856950
3.42000000             0.52848474             1.67629650
3.44000000             0.56201067             1.63134100
3.46000000             0.59463749             1.58377700
3.48000000             0.62631303             1.53367850
3.50000000             0.65698660             1.48112650
3.52000000             0.68660913             1.42620500
3.54000000             0.71513323             1.36900200
3.56000000             0.74251327             1.30960900
3.58000000             0.76870545             1.24812050
3.60000000             0.79366786             1.18463600
3.62000000             0.81736058             1.11925550
3.64000000             0.83974569             1.05208500
3.66000000             0.86078739             0.98323100
3.68000000             0.88045201             0.91280450
3.70000000             0.89870810             0.84091700
3.72000000             0.91552644             0.76768500
3.74000000             0.93088014             0.69322450
3.76000000             0.94474463             0.61765500
3.78000000             0.95709773             0.54109700
3.80000000             0.96791967             0.46367400
3.82000000             0.97719315             0.38550900
3.84000000             0.98490333             0.30672750
3.86000000             0.99103788             0.22745500
3.88000000             0.99558698             0.14781850
3.90000000             0.99854335             0.06794550
3.92000000             0.99990226             -0.01203600
3.94000000             0.99966154             -0.09199800
3.96000000             0.99782158             -0.17181300
3.98000000             0.99438532             -0.25135350
4.00000000             0.98935825             -0.33049150
4.02000000             0.98274842             -0.40910100
4.04000000             0.97456640             -0.48705600
4.06000000             0.96482528             -0.56423150
4.08000000             0.95354065             -0.64050450
4.10000000             0.94073056             -0.71575300
4.12000000             0.92641550             -0.78985650
4.14000000             0.91061837             -0.86269650
4.16000000             0.89336444             -0.93415550
4.18000000             0.87468133             -1.00412100
4.20000000             0.85459891             -1.07248000
4.22000000             0.83314931             -1.13912250
4.24000000             0.81036686             -1.20394350
4.26000000             0.78628799             -1.26683850
4.28000000             0.76095122             -1.32770600
4.30000000             0.73439710             -1.38645000
4.32000000             0.70666810             -1.44297600
4.34000000             0.67780858             -1.49719350
4.36000000             0.64786471             -1.54901600
4.38000000             0.61688439             -1.59836000
4.40000000             0.58491719             -1.64514700
4.42000000             0.55201425             -1.68930200
4.44000000             0.51822821             -1.73075500
4.46000000             0.48361311             -1.76943900
4.48000000             0.44822433             -1.80529200
4.50000000             0.41211849             -1.83825750
4.52000000             0.37535334             -1.86828150
4.54000000             0.33798771             -1.89531650
4.56000000             0.30008138             -1.91932050
4.58000000             0.26169497             -1.94025300
4.60000000             0.22288991             -1.95808150
4.62000000             0.18372828             -1.97277800
4.64000000             0.14427272             -1.98431850
4.66000000             0.10458635             -1.99268400
4.68000000             0.06473267             -1.99786200
4.70000000             0.02477543             -1.99984400
4.72000000             -0.01522145             -1.99862650
4.74000000             -0.05519398             -1.99421100
4.76000000             -0.09507820             -1.98660650
4.78000000             -0.13481033             -1.97582250
4.80000000             -0.17432678             -1.96187850
4.82000000             -0.21356435             -1.94479550
4.84000000             -0.25246026             -1.92460150
4.86000000             -0.29095229             -1.90132850
4.88000000             -0.32897886             -1.87501350
4.90000000             -0.36647913             -1.84569900
4.92000000             -0.40339311             -1.81343200
4.94000000             -0.43966175             -1.77826400
4.96000000             -0.47522703             -1.74025050
4.98000000             -0.51003204             -1.69945350
5.00000000             -0.54402111             -1.65593750
5.02000000             -0.57713986             -1.60977300
5.04000000             -0.60933532             -1.56103200
5.06000000             -0.64055596             -1.50979450
5.08000000             -0.67075185             -1.45614200
5.10000000             -0.69987469             -1.40015900
5.12000000             -0.72787787             -1.34193650
5.14000000             -0.75471660             -1.28156750
5.16000000             -0.78034795             -1.21914800
5.18000000             -0.80473091             -1.15477800
5.20000000             -0.82782647             -1.08856050
5.22000000             -0.84959768             -1.02060200
5.24000000             -0.87000972             -0.95101050
5.26000000             -0.88902993             -0.87989750
5.28000000             -0.90662788             -0.80737700
5.30000000             -0.92277542             -0.73356500
5.32000000             -0.93744672             -0.65857900
5.34000000             -0.95061830             -0.58253950
5.36000000             -0.96226909             -0.50556850
5.38000000             -0.97238046             -0.42778850
5.40000000             -0.98093623             -0.34932400
5.42000000             -0.98792271             -0.27030050
5.44000000             -0.99332872             -0.19084500
5.46000000             -0.99714562             -0.11108400
5.48000000             -0.99936730             -0.03114550
5.50000000             -0.99999021             0.04884350
5.52000000             -0.99901334             0.12875350
5.54000000             -0.99643827             0.20845850
5.56000000             -0.99226910             0.28782900
5.58000000             -0.98651252             0.36673950
5.60000000             -0.97917773             0.44506350
5.62000000             -0.97027646             0.52267500
5.64000000             -0.95982296             0.59945050
5.66000000             -0.94783395             0.67526750
5.68000000             -0.93432860             0.75000350
5.70000000             -0.91932853             0.82354050
5.72000000             -0.90285772             0.89575900
5.74000000             -0.88494254             0.96654500
5.76000000             -0.86561164             1.03578500
5.78000000             -0.84489594             1.10336750
5.80000000             -0.82282859             1.16918450
5.82000000             -0.79944490             1.23313200
5.84000000             -0.77478226             1.29510650
5.86000000             -0.74888013             1.35500900
5.88000000             -0.72177995             1.41274350
5.90000000             -0.69352508             1.46821800
5.92000000             -0.66416072             1.52134350
5.94000000             -0.63373385             1.57203600
5.96000000             -0.60229313             1.62021300
5.98000000             -0.56988887             1.66579750
6.00000000             -0.53657292             1.70871800
6.02000000             -0.50239856             1.74890450
6.04000000             -0.46742047             1.78629300
6.06000000             -0.43169461             1.82082450
6.08000000             -0.39527812             1.85244200
6.10000000             -0.35822928             1.88109650
6.12000000             -0.32060735             1.90674200
6.14000000             -0.28247251             1.92933650
6.16000000             -0.24388578             1.94884500
6.18000000             -0.20490888             1.96523500
6.20000000             -0.16560418             1.97848200
6.22000000             -0.12603454             1.98856350
6.24000000             -0.08626327             1.99546350
6.26000000             -0.04635400             1.99917150
6.28000000             -0.00637057             1.99968100
6.30000000             0.03362305             1.99699150
6.32000000             0.07356288             1.99110700
6.34000000             0.11338502             1.98203750
6.36000000             0.15302577             1.96979750
6.38000000             0.19242172             1.95440550
6.40000000             0.23150983             1.93588700
6.42000000             0.27022757             1.91427200
6.44000000             0.30851301             1.88959400
6.46000000             0.34630489             1.86189350
6.48000000             0.38354276             1.83121400
6.50000000             0.42016704             1.79760500
6.52000000             0.45611914             1.76112050
6.54000000             0.49134155             1.72181850
6.56000000             0.52577792             1.67976200
6.58000000             0.55937316             1.63501750
6.60000000             0.59207351             1.58765850
6.62000000             0.62382668             1.53775900
6.64000000             0.65458186             1.48539950
6.66000000             0.68428985             1.43066300
6.68000000             0.71290311             1.37363900
6.70000000             0.74037589             1.31441650
6.72000000             0.76666422             1.25309150
6.74000000             0.79172605             1.18976250
6.76000000             0.81552130             1.12452900
6.78000000             0.83801188             1.05749650
6.80000000             0.85916181             0.98877350
6.82000000             0.87893728             0.91846750
6.84000000             0.89730663             0.84669250
6.86000000             0.91424048             0.77356350
6.88000000             0.92971175             0.69919600
6.90000000             0.94369567             0.62371050
6.92000000             0.95616988             0.54722700
6.94000000             0.96711442             0.46986850
6.96000000             0.97651179             0.39175800
6.98000000             0.98434695             0.31302050
7.00000000             0.99060736             0.23378250
7.02000000             0.99528301             0.15417050
7.04000000             0.99836642             0.07431150
7.06000000             0.99985265             -0.00566550
7.08000000             0.99973934             -0.08563450
7.10000000             0.99802665             -0.16546550
7.12000000             0.99471734             -0.24503250
7.14000000             0.98981669             -0.32420750
7.16000000             0.98333254             -0.40286300
7.18000000             0.97527528             -0.48087500
7.20000000             0.96565778             -0.55811750
7.22000000             0.95449543             -0.63446700
7.24000000             0.94180609             -0.70980100
7.26000000             0.92761007             -0.78400000
7.28000000             0.91193007             -0.85694500
7.30000000             0.89479117             -0.92851850
7.32000000             0.87622080             -0.99860700
7.34000000             0.85624866             -1.06709750
7.36000000             0.83490671             -1.13388100
7.38000000             0.81222909             -1.19885100
7.40000000             0.78825207             -1.26190300
7.42000000             0.76301401             -1.32293550
7.44000000             0.73655530             -1.38185200
7.46000000             0.70891826             -1.43855850
7.48000000             0.68014709             -1.49296250
7.50000000             0.65028784             -1.54497850
7.52000000             0.61938827             -1.59452350
7.54000000             0.58749780             -1.64151650
7.56000000             0.55466747             -1.68588450
7.58000000             0.52094978             -1.72755450
7.60000000             0.48639869             -1.76646150
7.62000000             0.45106946             -1.80254200
7.64000000             0.41501862             -1.83573900
7.66000000             0.37830384             -1.86599950
7.68000000             0.34098385             -1.89327450
7.70000000             0.30311836             -1.91752100
7.72000000             0.26476794             -1.93869950
7.74000000             0.22599395             -1.95677600
7.76000000             0.18685843             -1.97172350
7.78000000             0.14742396             -1.98351550
7.80000000             0.10775365             -1.99213450
7.82000000             0.06791096             -1.99756700
7.84000000             0.02795962             -1.99980300
7.86000000             -0.01203644             -1.99884050
7.88000000             -0.05201325             -1.99468000
7.90000000             -0.09190685             -1.98732850
7.92000000             -0.13165342             -1.97679750
7.94000000             -0.17118937             -1.96310400
7.96000000             -0.21045145             -1.94627050
7.98000000             -0.24937686             -1.92632300
8.00000000             -0.28790332             -1.90329350
8.02000000             -0.32596919             -1.87721950
8.04000000             -0.36351358             -1.84814250
8.06000000             -0.40047643             -1.81610850
8.08000000             -0.43679860             -1.78116950
8.10000000             -0.47242199             -1.74338050
8.12000000             -0.50728960             -1.70280250
8.14000000             -0.54134565             -1.65950100
8.16000000             -0.57453567             -1.61354450
8.18000000             -0.60680656             -1.56500600
8.20000000             -0.63810668             -1.51396450
8.22000000             -0.66838597             -1.46050100
8.24000000             -0.69759599             -1.40470000
8.26000000             -0.72568999             -1.34665300
8.28000000             -0.75262305             -1.28645150
8.30000000             -0.77835208             -1.22419150
8.32000000             -0.80283591             -1.15997300
8.34000000             -0.82603537             -1.09389900
8.36000000             -0.84791335             -1.02607450
8.38000000             -0.86843484             -0.95660950
8.40000000             -0.88756703             -0.88561350
8.42000000             -0.90527930             -0.81320100
8.44000000             -0.92154332             -0.73948750
8.46000000             -0.93633307             -0.66459050
8.48000000             -0.94962488             -0.58863050
8.50000000             -0.96139749             -0.51172950
8.52000000             -0.97163208             -0.43400850
8.54000000             -0.98031225             -0.35559450
8.56000000             -0.98742414             -0.27661100
8.58000000             -0.99295636             -0.19718550
8.60000000             -0.99690007             -0.11744350
8.62000000             -0.99924894             -0.03751450
8.64000000             -0.99999923             0.04247450
8.66000000             -0.99914974             0.12239650
8.68000000             -0.99670181             0.20212150
8.70000000             -0.99265938             0.28152400
8.72000000             -0.98702890             0.36047550
8.74000000             -0.97981939             0.43885050
8.76000000             -0.97104238             0.51652350
8.78000000             -0.96071191             0.59337050
8.80000000             -0.94884450             0.66926800
8.82000000             -0.93545914             0.74409450
8.84000000             -0.92057725             0.81773100
8.86000000             -0.90422263             0.89005900
8.88000000             -0.88642145             0.96096350
8.90000000             -0.86720218             1.03033050
8.92000000             -0.84659557             1.09804900
8.94000000             -0.82463459             1.16401050
8.96000000             -0.80135438             1.22811100
8.98000000             -0.77679216             1.29024550
9.00000000             -0.75098725             1.35031700
9.02000000             -0.72398091             1.40822750
9.04000000             -0.69581636             1.46388550
9.06000000             -0.66653865             1.51720100
9.08000000             -0.63619463             1.56809050
9.10000000             -0.60483282             1.61647000
9.12000000             -0.57250342             1.66226450
9.14000000             -0.53925813             1.70539950
9.16000000             -0.50515014             1.74580600
9.18000000             -0.47023402             1.78342000
9.20000000             -0.43456562             1.81818000
9.22000000             -0.39820202             1.85003250
9.24000000             -0.36120137             1.87892450
9.26000000             -0.32362288             1.90481100
9.28000000             -0.28552666             1.92765000
9.30000000             -0.24697366             1.94740500
9.32000000             -0.20802556             1.96404500
9.34000000             -0.16874466             1.97754300
9.36000000             -0.12919380             1.98787700
9.38000000             -0.08943626             1.99503100
9.40000000             -0.04953564             1.99899300
9.42000000             -0.00955578             1.99975800
9.44000000             0.03043938             1.99732250
9.46000000             0.07038583             1.99169250
9.48000000             0.11021968             1.98287650
9.50000000             0.14987721             1.97088750
9.52000000             0.18929496             1.95574650
9.54000000             0.22840989             1.93747550
9.56000000             0.26715940             1.91610600
9.58000000             0.30548152             1.89167050
9.60000000             0.34331493             1.86420900
9.62000000             0.38059911             1.83376500
9.64000000             0.41727441             1.80038800
9.66000000             0.45328217             1.76413000
9.68000000             0.48856477             1.72505000
9.70000000             0.52306577             1.68321000
9.72000000             0.55672997             1.63867800
9.74000000             0.58950353             1.59152350
9.76000000             0.62133400             1.54182400
9.78000000             0.65217048             1.48965700
9.80000000             0.68196362             1.43510700
9.82000000             0.71066576             1.37826200
9.84000000             0.73823100             1.31921100
9.86000000             0.76461522             1.25804950
9.88000000             0.78977621             1.19487650
9.90000000             0.81367374             1.12979100
9.92000000             0.83626956             1.06289800
9.94000000             0.85752752             0.99430550
9.96000000             0.87741363             0.92412150
9.98000000             0.89589606             0.85245950
10.00000000             0.91294525             0.77943350
10.02000000             0.92853392             0.70516100
10.04000000             0.94263714             0.62975950
10.06000000             0.95523233             0.55335150
10.08000000             0.96629936             0.47605800
10.10000000             0.97582052             0.39800250
10.12000000             0.98378057             0.31931050
10.14000000             0.99016678             0.24010800
10.16000000             0.99496894             0.16052100
10.18000000             0.99817936             0.08067700
10.20000000             0.99979290             0.00070450
10.22000000             0.99980699             -0.07926950
10.24000000             0.99822160             -0.15911650
10.26000000             0.99503927             -0.23870900
10.28000000             0.99026509             -0.31792000
10.30000000             0.98390669             -0.39662150
10.32000000             0.97597426             -0.47468950
10.34000000             0.96648047             -0.55199700
10.36000000             0.95544053             -0.62842250
10.38000000             0.94287208             -0.70384250
10.40000000             0.92879523             -0.77813550
10.42000000             0.91323252             -0.85118500
10.44000000             0.89620882             -0.92287200
10.46000000             0.87775138             -0.99308250
10.48000000             0.85788973             -1.06170450
10.50000000             0.83665564             -1.12862850
10.52000000             0.81408307             -1.19374600
10.54000000             0.79020815             -1.25695450
10.56000000             0.76506906             -1.31815150
10.58000000             0.73870603             -1.37724050
10.60000000             0.71116122             -1.43412550
10.62000000             0.68247871             -1.48871650
10.64000000             0.65270438             -1.54092600
10.66000000             0.62188586             -1.59067050
10.68000000             0.59007245             -1.63787000
10.70000000             0.55731505             -1.68244900
10.72000000             0.52366607             -1.72433650
10.74000000             0.48917934             -1.76346600
10.76000000             0.45391002             -1.79977400
10.78000000             0.41791454             -1.83320250
10.80000000             0.38125049             -1.86369850
10.82000000             0.34397652             -1.89121300
10.84000000             0.30615226             -1.91570200
10.86000000             0.26783822             -1.93712600
10.88000000             0.22909570             -1.95545100
10.90000000             0.18998668             -1.97064850
10.92000000             0.15057371             -1.98269250
10.94000000             0.11091986             -1.99156500
10.96000000             0.07108856             -1.99725100
10.98000000             0.03114354             -1.99974250
11.00000000             -0.00885131             -1.99903450
11.02000000             -0.04883200             -1.99512800
11.04000000             -0.08873456             -1.98803050
11.06000000             -0.12849517             -1.97775250
11.08000000             -0.16805022             -1.96431000
11.10000000             -0.20733642             -1.94772550
11.12000000             -0.24629093             -1.92802450
11.14000000             -0.28485142             -1.90523950
11.16000000             -0.32295621             -1.87940700
11.18000000             -0.36054435             -1.85056650
11.20000000             -0.39755568             -1.81876700
11.22000000             -0.43393102             -1.78405650
11.24000000             -0.46961215             -1.74649300
11.26000000             -0.50454201             -1.70613500
11.28000000             -0.53866471             -1.66304750
11.30000000             -0.57192566             -1.61729900
11.32000000             -0.60427164             -1.56896450
11.34000000             -0.63565093             -1.51811900
11.36000000             -0.66601331             -1.46484500
11.38000000             -0.69531021             -1.40922750
11.40000000             -0.72349476             -1.35135550
11.42000000             -0.75052187             -1.29132200
11.44000000             -0.77634831             -1.22922250
11.46000000             -0.80093276             -1.16515600
11.48000000             -0.82423588             -1.09922600
11.50000000             -0.84622040             -1.03153800
11.52000000             -0.86685116             -0.96219850
11.54000000             -0.88609513             -0.89132050
11.56000000             -0.90392154             -0.81901650
11.58000000             -0.92030187             -0.74540250
11.60000000             -0.93520992             -0.67059500
11.62000000             -0.94862182             -0.59471600
11.64000000             -0.96051614             -0.51788450
11.66000000             -0.97087383             -0.44022500
11.68000000             -0.97967833             -0.36186150
11.70000000             -0.98691556             -0.28291850
11.72000000             -0.99257393             -0.20352300
11.74000000             -0.99664439             -0.12380250
11.76000000             -0.99912044             -0.04388350
11.78000000             -0.99999811             0.03610600
11.80000000             -0.99927599             0.11603700
11.82000000             -0.99695525             0.19578300
11.84000000             -0.99303959             0.27521600
11.86000000             -0.98753527             0.35420750
11.88000000             -0.98045112             0.43263350
11.90000000             -0.97179845             0.51036750
11.92000000             -0.96159110             0.58728400
11.94000000             -0.94984542             0.66326150
11.96000000             -0.93658019             0.73817800
11.98000000             -0.92181663             0.81191350
12.00000000             -0.90557836             0.88435000
12.02000000             -0.88789136             0.95537200
12.04000000             -0.86878392             1.02486550
12.06000000             -0.84828661             1.09271900
12.08000000             -0.82643223             1.15882500
12.10000000             -0.80325573             1.22307700
12.12000000             -0.77879419             1.28537250
12.14000000             -0.75308674             1.34561100
12.16000000             -0.72617452             1.40369700
12.18000000             -0.69810058             1.45953800
12.20000000             -0.66890982             1.51304350
12.22000000             -0.63864895             1.56412850
12.24000000             -0.60736638             1.61271150
12.26000000             -0.57511215             1.65871450
12.28000000             -0.54193786             1.70206350
12.30000000             -0.50789659             1.74269000
12.32000000             -0.47304279             1.78052800
12.34000000             -0.43743223             1.81551800
12.36000000             -0.40112187             1.84760400
12.38000000             -0.36416979             1.87673300
12.40000000             -0.32663513             1.90286100
12.42000000             -0.28857791             1.92594350
12.44000000             -0.25005904             1.94594600
12.46000000             -0.21114012             1.96283500
12.48000000             -0.17188342             1.97658350
12.50000000             -0.13235175             1.98717050
12.52000000             -0.09260834             1.99457800
12.54000000             -0.05271678             1.99879500
12.56000000             -0.01274088             1.99981400
12.58000000             0.02725540             1.99763350
12.60000000             0.06720807             1.99225800
12.62000000             0.10705323             1.98369500
12.64000000             0.14672713             1.97195800
12.66000000             0.18616629             1.95706700
12.68000000             0.22530763             1.93904450
12.70000000             0.26408852             1.91792050
12.72000000             0.30244693             1.89372800
12.74000000             0.34032149             1.86650550
12.76000000             0.37765160             1.83629800
12.78000000             0.41437756             1.80315150
12.80000000             0.45044059             1.76712150
12.82000000             0.48578302             1.72826400
12.84000000             0.52034830             1.68664200
12.86000000             0.55408114             1.64232100
12.88000000             0.58692756             1.59537300
12.90000000             0.61883502             1.54587300
12.92000000             0.64975248             1.49389950
12.94000000             0.67963047             1.43953650
12.96000000             0.70842120             1.38287050
12.98000000             0.73607861             1.32399200
13.00000000             0.76255845             1.26299550
13.02000000             0.78781836             1.19997800
13.04000000             0.81181792             1.13504150
13.06000000             0.83451875             1.06828900
13.08000000             0.85588453             0.99982750
13.10000000             0.87588108             0.92976600
13.12000000             0.89447640             0.85821750
13.14000000             0.91164075             0.78529650
13.16000000             0.92734668             0.71111800
13.18000000             0.94156904             0.63580250
13.20000000             0.95428509             0.55947050
13.22000000             0.96547450             0.48224250
13.24000000             0.97511935             0.40424300
13.26000000             0.98320421             0.32559750
13.28000000             0.98971616             0.24643050
13.30000000             0.99464477             0.16687000
13.32000000             0.99798217             0.08704150
13.34000000             0.99972300             0.00707500
13.36000000             0.99986450             -0.07290400
13.38000000             0.99840642             -0.15276600
13.40000000             0.99535110             -0.23238300
13.42000000             0.99070344             -0.31162900
13.44000000             0.98447086             -0.39037600
13.46000000             0.97666334             -0.46849850
13.48000000             0.96729337             -0.54587200
13.50000000             0.95637593             -0.62237200
13.52000000             0.94392849             -0.69787600
13.54000000             0.92997097             -0.77226350
13.56000000             0.91452570             -0.84541600
13.58000000             0.89761738             -0.91721600
13.60000000             0.87927306             -0.98754800
13.62000000             0.85952210             -1.05630100
13.64000000             0.83839608             -1.12336400
13.66000000             0.81592880             -1.18862900
13.68000000             0.79215622             -1.25199350
13.70000000             0.76711635             -1.31335450
13.72000000             0.74084926             -1.37261450
13.74000000             0.71339697             -1.42967850
13.76000000             0.68480340             -1.48445550
13.78000000             0.65511429             -1.53685750
13.80000000             0.62437714             -1.58680150
13.82000000             0.59264111             -1.63420600
13.84000000             0.55995699             -1.67899700
13.86000000             0.52637705             -1.72110150
13.88000000             0.49195502             -1.76045250
13.90000000             0.45674597             -1.79698700
13.92000000             0.42080623             -1.83064750
13.94000000             0.38419328             -1.86137850
13.96000000             0.34696571             -1.88913250
13.98000000             0.30918306             -1.91386350
14.00000000             0.27090579             -1.93553350
14.02000000             0.23219512             -1.95410600
14.04000000             0.19311300             -1.96955350
14.06000000             0.15372193             -1.98184900
14.08000000             0.11408495             -1.99097500
14.10000000             0.07426545             -1.99691550
14.12000000             0.03432714             -1.99966150
14.14000000             -0.00566609             -1.99920800
14.16000000             -0.04565025             -1.99555650
14.18000000             -0.08556138             -1.98871250
14.20000000             -0.12533563             -1.97868700
14.22000000             -0.16490937             -1.96549550
14.24000000             -0.20421928             -1.94916100
14.26000000             -0.24320250             -1.92970700
14.28000000             -0.28179664             -1.90716600
14.30000000             -0.31993996             -1.88157450
14.32000000             -0.35757145             -1.85297250
14.34000000             -0.39463090             -1.82140650
14.36000000             -0.43105903             -1.78692600
14.38000000             -0.46679755             -1.74958750
14.40000000             -0.50178930             -1.70944950
14.42000000             -0.53597829             -1.66657700
14.44000000             -0.56930983             -1.62103850
14.46000000             -0.60173060             -1.57290650
14.48000000             -0.63318873             -1.52225750
14.50000000             -0.66363388             -1.46917450
14.52000000             -0.69301737             -1.41374050
14.54000000             -0.72129218             -1.35604450
14.56000000             -0.74841307             -1.29617950
14.58000000             -0.77433666             -1.23424100
14.60000000             -0.79902148             -1.17032750
14.62000000             -0.82242803             -1.10454250
14.64000000             -0.84451888             -1.03698950
14.66000000             -0.86525867             -0.96777850
14.68000000             -0.88461424             -0.89701850
14.70000000             -0.90255461             -0.82482350
14.72000000             -0.91905108             -0.75131000
14.74000000             -0.93407728             -0.67659300
14.76000000             -0.94760914             -0.60079500
14.78000000             -0.95962504             -0.52403450
14.80000000             -0.97010573             -0.44643700
14.82000000             -0.97903447             -0.36812450
14.84000000             -0.98639696             -0.28922350
14.86000000             -0.99218143             -0.20985900
14.88000000             -0.99637861             -0.13015950
14.90000000             -0.99898180             -0.05025200
14.92000000             -0.99998684             0.02973650
14.94000000             -0.99939211             0.10967700
14.96000000             -0.99719857             0.18944250
14.98000000             -0.99340972             0.26890500
15.00000000             -0.98803162             0.34793650
15.02000000             -0.98107289             0.42641200
15.04000000             -0.97254465             0.50420500
15.06000000             -0.96246055             0.58119200
15.08000000             -0.95083671             0.65724850
15.10000000             -0.93769174             0.73225400
15.12000000             -0.92304666             0.80608750
15.14000000             -0.90692491             0.87863250
15.16000000             -0.88935226             0.94977050
15.18000000             -0.87035685             1.01939000
15.20000000             -0.84996905             1.08737850
15.22000000             -0.82822148             1.15362750
15.24000000             -0.80514893             1.21803100
15.26000000             -0.78078831             1.28048550
15.28000000             -0.75517860             1.34089150
15.30000000             -0.72836077             1.39915300
15.32000000             -0.70037771             1.45517550
15.34000000             -0.67127420             1.50887050
15.36000000             -0.64109679             1.56015100
15.38000000             -0.60989377             1.60893650
15.40000000             -0.57771504             1.65514700
15.42000000             -0.54461210             1.69871050
15.44000000             -0.51063789             1.73955600
15.46000000             -0.47584677             1.77761850
15.48000000             -0.44029440             1.81283750
15.50000000             -0.40403765             1.84515650
15.52000000             -0.36713452             1.87452300
15.54000000             -0.32964406             1.90089100
15.56000000             -0.29162624             1.92421800
15.58000000             -0.25314188             1.94446700
15.60000000             -0.21425254             1.96160450
15.62000000             -0.17502045             1.97560450
15.64000000             -0.13550836             1.98644350
15.66000000             -0.09577949             1.99410500
15.68000000             -0.05589739             1.99857650
15.70000000             -0.01592586             1.99985000
15.72000000             0.02407114             1.99792450
15.74000000             0.06402963             1.99280300
15.76000000             0.10388569             1.98449350
15.78000000             0.14357556             1.97300850
15.80000000             0.18303573             1.95836750
15.82000000             0.22220308             1.94059400
15.84000000             0.26101496             1.91971550
15.86000000             0.29940927             1.89576600
15.88000000             0.33732459             1.86878350
15.90000000             0.37470026             1.83881150
15.92000000             0.41147649             1.80589800
15.94000000             0.44759445             1.77009500
15.96000000             0.48299635             1.73146050
15.98000000             0.51762556             1.69005600
16.00000000             0.55142668             1.64594800
16.02000000             0.58434564             1.59920600
16.04000000             0.61632976             1.54990650
16.06000000             0.64732789             1.49812700
16.08000000             0.67729043             1.44395150
16.10000000             0.70616946             1.38746500
16.12000000             0.73391876             1.32875950
16.14000000             0.76049395             1.26792800
16.16000000             0.78585251             1.20506800
16.18000000             0.80995387             1.14028100
16.20000000             0.83275949             1.07366850
16.22000000             0.85423286             1.00533900
16.24000000             0.87433964             0.93540150
16.26000000             0.89304767             0.86396700
16.28000000             0.91032701             0.79115050
16.30000000             0.92615002             0.71706850
16.32000000             0.94049139             0.64183900
16.34000000             0.95332817             0.56558350
16.36000000             0.96463984             0.48842200
16.38000000             0.97440828             0.41048000
16.40000000             0.98261788             0.33188100
16.42000000             0.98925550             0.25275100
16.44000000             0.99431052             0.17321700
16.46000000             0.99777486             0.09340550
16.48000000             0.99964297             0.01344450
16.50000000             0.99991186             -0.06653750
16.52000000             0.99858111             -0.14641350
16.54000000             0.99565284             -0.22605500
16.56000000             0.99113174             -0.30533500
16.58000000             0.98502504             -0.38412650
16.60000000             0.97734251             -0.46230350
16.62000000             0.96809644             -0.53974050
16.64000000             0.95730163             -0.61631500
16.66000000             0.94497533             -0.69190250
16.68000000             0.93113728             -0.76638400
16.70000000             0.91580960             -0.83963850
16.72000000             0.89901683             -0.91155050
16.74000000             0.88078582             -0.98200400
16.76000000             0.86114574             -1.05088650
16.78000000             0.84012801             -1.11808800
16.80000000             0.81776625             -1.18350000
16.82000000             0.79409625             -1.24701950
16.84000000             0.76915586             -1.30854400
16.86000000             0.74298498             -1.36797450
16.88000000             0.71562549             -1.42521700
16.90000000             0.68712115             -1.48017950
16.92000000             0.65751756             -1.53277400
16.94000000             0.62686208             -1.58291600
16.96000000             0.59520376             -1.63052600
16.98000000             0.56259324             -1.67552750
17.00000000             0.52908269             -1.71784850
17.02000000             0.49472572             -1.75742150
17.04000000             0.45957729             -1.79418250
17.06000000             0.42369364             -1.82807350
17.08000000             0.38713217             -1.85904000
17.10000000             0.34995137             -1.88703250
17.12000000             0.31221072             -1.91200600
17.14000000             0.27397060             -1.93392050
17.16000000             0.23529219             -1.95274150
17.18000000             0.19623736             -1.96843800
17.20000000             0.15686860             -1.98098650
17.22000000             0.11724887             -1.99036500
17.24000000             0.07744157             -1.99655900
17.26000000             0.03751039             -1.99956000
17.28000000             -0.00248081             -1.99936100
17.30000000             -0.04246803             -1.99596450
17.32000000             -0.08238732             -1.98937450
17.34000000             -0.12217481             -1.97960150
17.36000000             -0.16176684             -1.96666200
17.38000000             -0.20110008             -1.95057600
17.40000000             -0.24011160             -1.93136950
17.42000000             -0.27873899             -1.90907350
17.44000000             -0.31692046             -1.88372350
17.46000000             -0.35459493             -1.85535950
17.48000000             -0.39170212             -1.82402750
17.50000000             -0.42818267             -1.78977750
17.52000000             -0.46397822             -1.75266400
17.54000000             -0.49903150             -1.71274700
17.56000000             -0.53328644             -1.67009000
17.58000000             -0.56668824             -1.62476050
17.60000000             -0.59918345             -1.57683250
17.62000000             -0.63072010             -1.52638150
17.64000000             -0.66124773             -1.47348850
17.66000000             -0.69071750             -1.41823900
17.68000000             -0.71908228             -1.36072000
17.70000000             -0.74629668             -1.30102400
17.72000000             -0.77231716             -1.23924700
17.74000000             -0.79710210             -1.17548700
17.76000000             -0.82061184             -1.10984700
17.78000000             -0.84280878             -1.04243150
17.80000000             -0.86365741             -0.97334800
17.82000000             -0.88312437             -0.90270750
17.84000000             -0.90117852             -0.83062250
17.86000000             -0.91779097             -0.75720950
17.88000000             -0.93293516             -0.68258450
17.90000000             -0.94658685             -0.60686750
17.92000000             -0.95872420             -0.53017950
17.94000000             -0.96932779             -0.45264400
17.96000000             -0.97838067             -0.37438400
17.98000000             -0.98586835             -0.29552500
18.00000000             -0.99177885             -0.21619350
18.02000000             -0.99610272             -0.13651550
18.04000000             -0.99883303             -0.05662000
18.06000000             -0.99996543             0.02336700
18.08000000             -0.99949809             0.10331600
18.10000000             -0.99743177             0.18310000
18.12000000             -0.99376977             0.26259100
18.14000000             -0.98851795             0.34166200
18.16000000             -0.98168471             0.42018600
18.18000000             -0.97328099             0.49803850
18.20000000             -0.96332022             0.57509350
18.22000000             -0.95181835             0.65122900
18.24000000             -0.93879377             0.72632200
18.26000000             -0.92426733             0.80025400
18.28000000             -0.90826225             0.87290550
18.30000000             -0.89080414             0.94416000
18.32000000             -0.87192094             1.01390450
18.34000000             -0.85164285             1.08202650
18.36000000             -0.83000232             1.14841800
18.38000000             -0.80703396             1.21297250
18.40000000             -0.78277451             1.27558550
18.42000000             -0.75726280             1.33615900
18.44000000             -0.73053962             1.39459400
18.46000000             -0.70264774             1.45079850
18.48000000             -0.67363177             1.50468200
18.50000000             -0.64353813             1.55615800
18.52000000             -0.61241497             1.60514450
18.54000000             -0.58031208             1.65156350
18.56000000             -0.54728081             1.69534000
18.58000000             -0.51337401             1.73640450
18.60000000             -0.47864592             1.77469100
18.62000000             -0.44315210             1.81013850
18.64000000             -0.40694933             1.84269050
18.66000000             -0.37009552             1.87229350
18.68000000             -0.33264965             1.89890250
18.70000000             -0.29467160             1.92247300
18.72000000             -0.25622214             1.94296750
18.74000000             -0.21736279             1.96035450
18.76000000             -0.17815570             1.97460550
18.78000000             -0.13866359             1.98569650
18.80000000             -0.09894966             1.99361200
18.82000000             -0.05907742             1.99833700
18.84000000             -0.01911068             1.99986600
18.86000000             0.02088664             1.99819500
18.88000000             0.06085054             1.99332800
18.90000000             0.10071710             1.98527150
18.92000000             0.14042253             1.97403900
18.94000000             0.17990331             1.95964900
18.96000000             0.21909629             1.94212350
18.98000000             0.25793876             1.92149100
19.00000000             0.29636858             1.89778450
19.02000000             0.33432427             1.87104250
19.04000000             0.37174512             1.84130700
19.06000000             0.40857126             1.80862550
19.08000000             0.44474377             1.77305050
19.10000000             0.48020478             1.73463950
19.12000000             0.51489757             1.69345300
19.14000000             0.54876663             1.64955750
19.16000000             0.58175778             1.60302350
19.18000000             0.61381825             1.55392400
19.20000000             0.64489673             1.50233950
19.22000000             0.67494352             1.44835100
19.24000000             0.70391054             1.39204600
19.26000000             0.73175146             1.33351350
19.28000000             0.75842173             1.27284800
19.30000000             0.78387869             1.21014600
19.32000000             0.80808161             1.14550800
19.34000000             0.83099177             1.07903750
19.36000000             0.85257252             1.01084050
19.38000000             0.87278933             0.94102700
19.40000000             0.89160987             0.86970800
19.42000000             0.90900403             0.79699700
19.44000000             0.92494397             0.72301150
19.46000000             0.93940420             0.64786900
19.48000000             0.95236158             0.57169050
19.50000000             0.96379539             0.49459700
19.52000000             0.97368733             0.41671200
19.54000000             0.98202157             0.33816150
19.56000000             0.98878480             0.25906850
19.58000000             0.99396617             0.17956250
19.60000000             0.99755742             0.09976800
19.62000000             0.99955278             0.01981500
19.64000000             0.99994908             -0.06017050
19.66000000             0.99874567             -0.14005950
19.68000000             0.99594448             -0.21972450
19.70000000             0.99154999             -0.29903800
19.72000000             0.98556923             -0.37787300
19.74000000             0.97801177             -0.45610350
19.76000000             0.96888970             -0.53360450
19.78000000             0.95821761             -0.61025150
19.80000000             0.94601258             -0.68592250
19.82000000             0.93229413             -0.76049600
19.84000000             0.91708421             -0.83385250
19.86000000             0.90040716             -0.90587600
19.88000000             0.88228964             -0.97645000
19.90000000             0.86276064             -1.04546100
19.92000000             0.84185142             -1.11280050
19.94000000             0.81959541             -1.17835950
19.96000000             0.79602822             -1.24203300
19.98000000             0.77118756             -1.30372000
20.00000000             0.74511316             -1.36332100
